1181111181 1181118111. 868

1811711111,8188,88.;1 8.,,18 17181118, 1, 18. 48.

817111, (Numenius.) ad 811181,
8818111111, 71. 8111111117 871811 18.18,

8, 1711111111, 81. 8. 18. [v. 8118111118]
11111111,1.11.1,91.17177111 8111118118881181111,
1188181181111, 78.,78. 11. 1, 4, 8.,118

7817111181148.
8188111814114 1711111,.,,71,7818.17818.487
8118111111111811888. 8. 887 9. 887 18. 44, 817 11, 8. 81,
’81111811181878 88 7 E. ii. 1. 8477 A. Ρ. 88.
81881, c. 11, 8, 18. 17111841111111,7Ρ,78,1.1818. .
ij& 81, 8. 14 7 18. 18711188871711111701118111111718711118. 1, 18

1188718, 81788 417811. [101ψ181111111]

818178187818187ΑΡ8118881878

141. [v. 771811 Pavum] 1711181111 mons, 8, 1. 88. 7,
81871111,8.188.1178.1.817 A. 7818881488,

Ρ. 147. 1711111111, 8. 1. 1. 4,
1181111818147 1118, 88 1711111111111,811.8,187.
Troilus, (111 818178181111111 vinum, S. 11. S. 148.
81181171181111 781,.,88 1711181111,8118.888
Τ111118811111118,11,,718 171111,81.,1.81
Tullus, (1. 1781818111 8111 8. 7811111811, 81 8. 88.

18. “ 8811811118111. 8, 887 S. 11. 4,
Turbo, 811, 8818, 88,

811111811148, Venafrum. 8118 48,
Tusculum, 8778111811. 17111118148718. 187 18, 18 7
81118118,1117.88711.484711.8 1118978817 8878818187

88;,7.,.88888111888 1187181878 1..7118818.87

8181881818187 1888, 1887 81. 81, ,8781117167 ἐν.

81111118188118,17..[’,11 1.
1’ῃ>18111,8114,81.18,

8111188 11 {³3⁰² ¹² ¹¹ 7111811111.
ᾞπ11118.111.781111818711111111887.1478188.
844788,1711,.18878,11,8.11.

188, 71181181181871111888.
mom. 11488. Ὶῗ1180138ὲ8288174111. A 117 8,
171111181877 8718818887 17. 178181388888 884888

187 8.118187,8847 8188 8 Villius, 8..1864

18187 mmo. 1711111181,,,78114,18 11148
811811,1’11.11.18 1711111111811811118118.
1717111 [1. MS 1117111111, ad 1111, 8, 11. 18,
1718111811811 48. 17 1111111118,1Ρ.,781,1.8711.
81811111888188, 1 78118487 818. 48, 48, 817
811181181188, il. 1. 477 Α, Ρ.88.

1711181, (111111. 1711111, c. 11, 8. 187 111. 8- 17, 8, S.
171181818818, 887 877811. 8. 18,

 

